# x 	 y
0 	 0
1 	 0.841471
2 	 0.909297
3 	 0.14112
4 	 -0.756802
5 	 -0.958924
6 	 -0.279415
7 	 0.656987
8 	 0.989358
9 	 0.412118
10 	 -0.544021
11 	 -0.99999
12 	 -0.536573
13 	 0.420167
14 	 0.990607
15 	 0.650288
16 	 -0.287903
17 	 -0.961397
18 	 -0.750987
19 	 0.149877


#Cubic sub-spline
# x 	 ySub 	 yCubic 	 yQuad
0 	 0 	 0 	 0
0.05 	 0.0604476 	 0.0496682 	 0.0522987
0.1 	 0.118961 	 0.0992222 	 0.103521
0.15 	 0.17554 	 0.148548 	 0.153667
0.2 	 0.230186 	 0.197531 	 0.202737
0.25 	 0.282897 	 0.246057 	 0.25073
0.3 	 0.333674 	 0.294012 	 0.297647
0.35 	 0.382517 	 0.341282 	 0.343488
0.4 	 0.429426 	 0.387752 	 0.388252
0.45 	 0.4744 	 0.433309 	 0.43194
0.5 	 0.517441 	 0.477838 	 0.474552
0.55 	 0.558548 	 0.521225 	 0.516088
0.6 	 0.59772 	 0.563356 	 0.556547
0.65 	 0.634958 	 0.604116 	 0.595929
0.7 	 0.670262 	 0.643392 	 0.634236
0.75 	 0.703632 	 0.681068 	 0.671466
0.8 	 0.735068 	 0.717032 	 0.707619
0.85 	 0.76457 	 0.751168 	 0.742697
0.9 	 0.792138 	 0.783363 	 0.776698
0.95 	 0.817771 	 0.813502 	 0.809623
1 	 0.841471 	 0.841471 	 0.841471
1.05 	 0.862459 	 0.867174 	 0.871385
1.1 	 0.880122 	 0.890583 	 0.898508
1.15 	 0.894704 	 0.911689 	 0.922838
1.2 	 0.906453 	 0.930484 	 0.944377
1.25 	 0.915613 	 0.946958 	 0.963123
1.3 	 0.922429 	 0.961102 	 0.979078
1.35 	 0.927148 	 0.972907 	 0.992241
1.4 	 0.930014 	 0.982363 	 1.00261
1.45 	 0.931274 	 0.989461 	 1.01019
1.5 	 0.931172 	 0.994193 	 1.01498
1.55 	 0.929954 	 0.996548 	 1.01697
1.6 	 0.927867 	 0.996517 	 1.01618
1.65 	 0.925154 	 0.994093 	 1.01259
1.7 	 0.922063 	 0.989264 	 1.00621
1.75 	 0.918837 	 0.982022 	 0.997037
1.8 	 0.915724 	 0.972359 	 0.985073
1.85 	 0.912967 	 0.960263 	 0.970317
1.9 	 0.910814 	 0.945728 	 0.952769
1.95 	 0.909509 	 0.928742 	 0.932429
2 	 0.909297 	 0.909297 	 0.909297
2.05 	 0.905091 	 0.887403 	 0.884076
2.1 	 0.892202 	 0.863146 	 0.857466
2.15 	 0.871476 	 0.836628 	 0.829468
2.2 	 0.843762 	 0.807955 	 0.800082
2.25 	 0.809907 	 0.777231 	 0.769308
2.3 	 0.770757 	 0.74456 	 0.737146
2.35 	 0.727159 	 0.710046 	 0.703595
2.4 	 0.679961 	 0.673793 	 0.668657
2.45 	 0.63001 	 0.635907 	 0.63233
2.5 	 0.578154 	 0.596491 	 0.594615
2.55 	 0.525238 	 0.555649 	 0.555512
2.6 	 0.47211 	 0.513485 	 0.515021
2.65 	 0.419618 	 0.470105 	 0.473142
2.7 	 0.368608 	 0.425612 	 0.429875
2.75 	 0.319928 	 0.38011 	 0.385219
2.8 	 0.274425 	 0.333703 	 0.339176
2.85 	 0.232945 	 0.286497 	 0.291744
2.9 	 0.196336 	 0.238595 	 0.242924
2.95 	 0.165446 	 0.190101 	 0.192716
3 	 0.14112 	 0.14112 	 0.14112
3.05 	 0.116347 	 0.0917588 	 0.0891995
3.1 	 0.0841381 	 0.0421364 	 0.0380185
3.15 	 0.0453808 	 -0.00762539 	 -0.0124232
3.2 	 0.000960818 	 -0.0574046 	 -0.0621254
3.25 	 -0.0482358 	 -0.107079 	 -0.111088
3.3 	 -0.101323 	 -0.156528 	 -0.159312
3.35 	 -0.157414 	 -0.205628 	 -0.206796
3.4 	 -0.215624 	 -0.254259 	 -0.25354
3.45 	 -0.275065 	 -0.302297 	 -0.299546
3.5 	 -0.334853 	 -0.349622 	 -0.344811
3.55 	 -0.3941 	 -0.396111 	 -0.389338
3.6 	 -0.451921 	 -0.441643 	 -0.433125
3.65 	 -0.507429 	 -0.486095 	 -0.476173
3.7 	 -0.559739 	 -0.529346 	 -0.518481
3.75 	 -0.607964 	 -0.571274 	 -0.56005
3.8 	 -0.651218 	 -0.611757 	 -0.600879
3.85 	 -0.688615 	 -0.650673 	 -0.640969
3.9 	 -0.719269 	 -0.687901 	 -0.68032
3.95 	 -0.742293 	 -0.723318 	 -0.718931
4 	 -0.756802 	 -0.756802 	 -0.756802
4.05 	 -0.767862 	 -0.788249 	 -0.792935
4.1 	 -0.780899 	 -0.817613 	 -0.826327
4.15 	 -0.795566 	 -0.844868 	 -0.856981
4.2 	 -0.811518 	 -0.869987 	 -0.884894
4.25 	 -0.828407 	 -0.892941 	 -0.910068
4.3 	 -0.845889 	 -0.913704 	 -0.932502
4.35 	 -0.863617 	 -0.932249 	 -0.952197
4.4 	 -0.881244 	 -0.948547 	 -0.969152
4.45 	 -0.898424 	 -0.962571 	 -0.983367
4.5 	 -0.914812 	 -0.974294 	 -0.994843
4.55 	 -0.930061 	 -0.983688 	 -1.00358
4.6 	 -0.943824 	 -0.990727 	 -1.00958
4.65 	 -0.955757 	 -0.995381 	 -1.01283
4.7 	 -0.965511 	 -0.997625 	 -1.01335
4.75 	 -0.972742 	 -0.997431 	 -1.01113
4.8 	 -0.977103 	 -0.994771 	 -1.00617
4.85 	 -0.978248 	 -0.989618 	 -0.998466
4.9 	 -0.975831 	 -0.981944 	 -0.988025
4.95 	 -0.969505 	 -0.971722 	 -0.974844
5 	 -0.958924 	 -0.958924 	 -0.958924
5.05 	 -0.943489 	 -0.943544 	 -0.9408
5.1 	 -0.923157 	 -0.925653 	 -0.921007
5.15 	 -0.89842 	 -0.905343 	 -0.899546
5.2 	 -0.869767 	 -0.882707 	 -0.876416
5.25 	 -0.837691 	 -0.857837 	 -0.851618
5.3 	 -0.802681 	 -0.830825 	 -0.825151
5.35 	 -0.765229 	 -0.801764 	 -0.797015
5.4 	 -0.725826 	 -0.770745 	 -0.767211
5.45 	 -0.684961 	 -0.737861 	 -0.735739
5.5 	 -0.643127 	 -0.703204 	 -0.702598
5.55 	 -0.600813 	 -0.666867 	 -0.667788
5.6 	 -0.558512 	 -0.628941 	 -0.63131
5.65 	 -0.516712 	 -0.589519 	 -0.593163
5.7 	 -0.475906 	 -0.548693 	 -0.553347
5.75 	 -0.436584 	 -0.506555 	 -0.511863
5.8 	 -0.399237 	 -0.463197 	 -0.468711
5.85 	 -0.364356 	 -0.418712 	 -0.42389
5.9 	 -0.332432 	 -0.373192 	 -0.3774
5.95 	 -0.303954 	 -0.326729 	 -0.329242
6 	 -0.279415 	 -0.279415 	 -0.279415
6.05 	 -0.252907 	 -0.231349 	 -0.228947
6.1 	 -0.2188 	 -0.182652 	 -0.178862
6.15 	 -0.178005 	 -0.13345 	 -0.129161
6.2 	 -0.131432 	 -0.0838706 	 -0.0798443
6.25 	 -0.0799904 	 -0.0340414 	 -0.0309117
6.3 	 -0.0245909 	 0.0159108 	 0.0176368
6.35 	 0.0338565 	 0.0658589 	 0.0658012
6.4 	 0.0944421 	 0.115676 	 0.113581
6.45 	 0.156256 	 0.165234 	 0.160978
6.5 	 0.218387 	 0.214408 	 0.20799
6.55 	 0.279927 	 0.263069 	 0.254618
6.6 	 0.339964 	 0.31109 	 0.300862
6.65 	 0.397589 	 0.358345 	 0.346722
6.7 	 0.451893 	 0.404706 	 0.392198
6.75 	 0.501964 	 0.450046 	 0.437289
6.8 	 0.546893 	 0.494238 	 0.481997
6.85 	 0.58577 	 0.537155 	 0.52632
6.9 	 0.617684 	 0.578671 	 0.57026
6.95 	 0.641727 	 0.618657 	 0.613815
7 	 0.656987 	 0.656987 	 0.656987
7.05 	 0.669457 	 0.693547 	 0.698648
7.1 	 0.685401 	 0.728278 	 0.737673
7.15 	 0.704311 	 0.761137 	 0.774062
7.2 	 0.725681 	 0.792076 	 0.807815
7.25 	 0.749007 	 0.821052 	 0.838932
7.3 	 0.773781 	 0.848018 	 0.867413
7.35 	 0.799497 	 0.872931 	 0.893258
7.4 	 0.825651 	 0.895745 	 0.916466
7.45 	 0.851735 	 0.916414 	 0.937039
7.5 	 0.877243 	 0.934895 	 0.954976
7.55 	 0.90167 	 0.95114 	 0.970276
7.6 	 0.92451 	 0.965106 	 0.982941
7.65 	 0.945256 	 0.976748 	 0.992969
7.7 	 0.963403 	 0.986019 	 1.00036
7.75 	 0.978444 	 0.992876 	 1.00512
7.8 	 0.989874 	 0.997273 	 1.00724
7.85 	 0.997186 	 0.999165 	 1.00672
7.9 	 0.999875 	 0.998506 	 1.00357
7.95 	 0.997434 	 0.995252 	 0.997782
8 	 0.989358 	 0.989358 	 0.989358
8.05 	 0.976264 	 0.980799 	 0.97866
8.1 	 0.959345 	 0.969633 	 0.96605
8.15 	 0.938964 	 0.955937 	 0.951528
8.2 	 0.91548 	 0.939792 	 0.935094
8.25 	 0.889255 	 0.921274 	 0.916748
8.3 	 0.860648 	 0.900462 	 0.89649
8.35 	 0.830021 	 0.877435 	 0.87432
8.4 	 0.797735 	 0.85227 	 0.850238
8.45 	 0.764149 	 0.825047 	 0.824244
8.5 	 0.729625 	 0.795844 	 0.796338
8.55 	 0.694523 	 0.764738 	 0.76652
8.6 	 0.659205 	 0.731808 	 0.73479
8.65 	 0.624029 	 0.697133 	 0.701148
8.7 	 0.589358 	 0.660791 	 0.665594
8.75 	 0.555552 	 0.622861 	 0.628128
8.8 	 0.522972 	 0.58342 	 0.58875
8.85 	 0.491977 	 0.542547 	 0.54746
8.9 	 0.46293 	 0.50032 	 0.504258
8.95 	 0.43619 	 0.456818 	 0.459144
9 	 0.412118 	 0.412118 	 0.412118
9.05 	 0.385383 	 0.366309 	 0.364145
9.1 	 0.351014 	 0.319511 	 0.31619
9.15 	 0.309913 	 0.271854 	 0.268251
9.2 	 0.262983 	 0.223467 	 0.220331
9.25 	 0.211127 	 0.174481 	 0.172428
9.3 	 0.155248 	 0.125025 	 0.124542
9.35 	 0.0962476 	 0.0752287 	 0.0766737
9.4 	 0.0350295 	 0.0252223 	 0.028823
9.45 	 -0.027504 	 -0.0248646 	 -0.0190102
9.5 	 -0.0904503 	 -0.0749023 	 -0.0668259
9.55 	 -0.152907 	 -0.124761 	 -0.114624
9.6 	 -0.21397 	 -0.174311 	 -0.162405
9.65 	 -0.272738 	 -0.223422 	 -0.210168
9.7 	 -0.328309 	 -0.271965 	 -0.257914
9.75 	 -0.379778 	 -0.31981 	 -0.305642
9.8 	 -0.426244 	 -0.366827 	 -0.353353
9.85 	 -0.466804 	 -0.412886 	 -0.401046
9.9 	 -0.500556 	 -0.457858 	 -0.448722
9.95 	 -0.526595 	 -0.501613 	 -0.49638
10 	 -0.544021 	 -0.544021 	 -0.544021
10.05 	 -0.559342 	 -0.584964 	 -0.590411
10.1 	 -0.579249 	 -0.624368 	 -0.634319
10.15 	 -0.603107 	 -0.662171 	 -0.675742
10.2 	 -0.630284 	 -0.698312 	 -0.714682
10.25 	 -0.660147 	 -0.732729 	 -0.751139
10.3 	 -0.692064 	 -0.76536 	 -0.785113
10.35 	 -0.7254 	 -0.796142 	 -0.816603
10.4 	 -0.759523 	 -0.825015 	 -0.84561
10.45 	 -0.793801 	 -0.851916 	 -0.872134
10.5 	 -0.8276 	 -0.876784 	 -0.896174
10.55 	 -0.860286 	 -0.899555 	 -0.91773
10.6 	 -0.891228 	 -0.92017 	 -0.936804
10.65 	 -0.919792 	 -0.938565 	 -0.953394
10.7 	 -0.945346 	 -0.954678 	 -0.967501
10.75 	 -0.967255 	 -0.968449 	 -0.979124
10.8 	 -0.984888 	 -0.979815 	 -0.988264
10.85 	 -0.99761 	 -0.988714 	 -0.994921
10.9 	 -1.00479 	 -0.995084 	 -0.999094
10.95 	 -1.00579 	 -0.998863 	 -1.00078
11 	 -0.99999 	 -0.99999 	 -0.99999
11.05 	 -0.989216 	 -0.998424 	 -0.996898
11.1 	 -0.975874 	 -0.994205 	 -0.991693
11.15 	 -0.960174 	 -0.987399 	 -0.984374
11.2 	 -0.942327 	 -0.978066 	 -0.974941
11.25 	 -0.922544 	 -0.966271 	 -0.963395
11.3 	 -0.901035 	 -0.952075 	 -0.949735
11.35 	 -0.87801 	 -0.935543 	 -0.933962
11.4 	 -0.853681 	 -0.916737 	 -0.916075
11.45 	 -0.828256 	 -0.895719 	 -0.896074
11.5 	 -0.801949 	 -0.872553 	 -0.87396
11.55 	 -0.774967 	 -0.847302 	 -0.849732
11.6 	 -0.747523 	 -0.820028 	 -0.823391
11.65 	 -0.719827 	 -0.790794 	 -0.794936
11.7 	 -0.692089 	 -0.759664 	 -0.764368
11.75 	 -0.664519 	 -0.7267 	 -0.731686
11.8 	 -0.637329 	 -0.691965 	 -0.696891
11.85 	 -0.610729 	 -0.655522 	 -0.659982
11.9 	 -0.584929 	 -0.617433 	 -0.620959
11.95 	 -0.56014 	 -0.577763 	 -0.579823
12 	 -0.536573 	 -0.536573 	 -0.536573
12.05 	 -0.509696 	 -0.493938 	 -0.49209
12.1 	 -0.475415 	 -0.449976 	 -0.447254
12.15 	 -0.434596 	 -0.404818 	 -0.402064
12.2 	 -0.388106 	 -0.358592 	 -0.356522
12.25 	 -0.336811 	 -0.31143 	 -0.310627
12.3 	 -0.281577 	 -0.26346 	 -0.264379
12.35 	 -0.223271 	 -0.214813 	 -0.217777
12.4 	 -0.162758 	 -0.165618 	 -0.170823
12.45 	 -0.100905 	 -0.116005 	 -0.123516
12.5 	 -0.0385789 	 -0.0661051 	 -0.075855
12.55 	 0.0233551 	 -0.0160467 	 -0.0278415
12.6 	 0.0840304 	 0.0340399 	 0.0205251
12.65 	 0.142581 	 0.0840249 	 0.0692447
12.7 	 0.19814 	 0.133778 	 0.118317
12.75 	 0.249841 	 0.18317 	 0.167743
12.8 	 0.296819 	 0.232071 	 0.217522
12.85 	 0.338207 	 0.280351 	 0.267653
12.9 	 0.373138 	 0.327881 	 0.318138
12.95 	 0.400747 	 0.374529 	 0.368976
13 	 0.420167 	 0.420167 	 0.420167
13.05 	 0.438191 	 0.464673 	 0.470392
13.1 	 0.461702 	 0.507962 	 0.518333
13.15 	 0.489971 	 0.549955 	 0.563989
13.2 	 0.522265 	 0.590576 	 0.60736
13.25 	 0.557856 	 0.629746 	 0.648447
13.3 	 0.596013 	 0.667389 	 0.68725
13.35 	 0.636005 	 0.703426 	 0.723768
13.4 	 0.677102 	 0.737781 	 0.758001
13.45 	 0.718574 	 0.770376 	 0.78995
13.5 	 0.75969 	 0.801134 	 0.819614
13.55 	 0.799721 	 0.829976 	 0.846994
13.6 	 0.837934 	 0.856826 	 0.872089
13.65 	 0.873601 	 0.881607 	 0.8949
13.7 	 0.905991 	 0.90424 	 0.915426
13.75 	 0.934373 	 0.924648 	 0.933668
13.8 	 0.958017 	 0.942754 	 0.949625
13.85 	 0.976193 	 0.958481 	 0.963297
13.9 	 0.98817 	 0.97175 	 0.974685
13.95 	 0.993219 	 0.982485 	 0.983788
14 	 0.990607 	 0.990607 	 0.990607
14.05 	 0.983166 	 0.996061 	 0.995149
14.1 	 0.974263 	 0.998872 	 0.997422
14.15 	 0.963972 	 0.999086 	 0.997426
14.2 	 0.952371 	 0.996749 	 0.99516
14.25 	 0.939534 	 0.991908 	 0.990625
14.3 	 0.925537 	 0.984609 	 0.98382
14.35 	 0.910457 	 0.974899 	 0.974747
14.4 	 0.894369 	 0.962823 	 0.963404
14.45 	 0.877349 	 0.948429 	 0.949792
14.5 	 0.859473 	 0.931761 	 0.933911
14.55 	 0.840816 	 0.912868 	 0.91576
14.6 	 0.821454 	 0.891795 	 0.89534
14.65 	 0.801464 	 0.868588 	 0.872651
14.7 	 0.78092 	 0.843293 	 0.847693
14.75 	 0.759899 	 0.815958 	 0.820465
14.8 	 0.738477 	 0.786628 	 0.790968
14.85 	 0.716728 	 0.75535 	 0.759202
14.9 	 0.69473 	 0.722169 	 0.725166
14.95 	 0.672558 	 0.687133 	 0.688862
15 	 0.650288 	 0.650288 	 0.650288
15.05 	 0.624187 	 0.611693 	 0.610219
15.1 	 0.591017 	 0.571461 	 0.569431
15.15 	 0.551589 	 0.529721 	 0.527922
15.2 	 0.506718 	 0.486597 	 0.485693
15.25 	 0.457217 	 0.442218 	 0.442744
15.3 	 0.403899 	 0.396711 	 0.399075
15.35 	 0.347577 	 0.350201 	 0.354685
15.4 	 0.289065 	 0.302816 	 0.309576
15.45 	 0.229175 	 0.254682 	 0.263747
15.5 	 0.168722 	 0.205927 	 0.217197
15.55 	 0.108518 	 0.156677 	 0.169928
15.6 	 0.0493769 	 0.10706 	 0.121938
15.65 	 -0.00788841 	 0.0572013 	 0.0732281
15.7 	 -0.0624645 	 0.0072285 	 0.0237982
15.75 	 -0.113538 	 -0.0427316 	 -0.0263518
15.8 	 -0.160296 	 -0.0925523 	 -0.0772219
15.85 	 -0.201924 	 -0.142107 	 -0.128812
15.9 	 -0.237611 	 -0.191268 	 -0.181122
15.95 	 -0.266542 	 -0.239909 	 -0.234153
16 	 -0.287903 	 -0.287903 	 -0.287903
16.05 	 -0.308589 	 -0.33513 	 -0.340992
16.1 	 -0.335494 	 -0.381489 	 -0.392037
16.15 	 -0.36781 	 -0.426888 	 -0.441039
16.2 	 -0.404728 	 -0.471234 	 -0.487997
16.25 	 -0.445439 	 -0.514433 	 -0.532911
16.3 	 -0.489135 	 -0.556392 	 -0.575782
16.35 	 -0.535007 	 -0.597018 	 -0.616609
16.4 	 -0.582246 	 -0.636217 	 -0.655393
16.45 	 -0.630043 	 -0.673897 	 -0.692133
16.5 	 -0.677591 	 -0.709963 	 -0.72683
16.55 	 -0.72408 	 -0.744324 	 -0.759483
16.6 	 -0.768701 	 -0.776885 	 -0.790092
16.65 	 -0.810646 	 -0.807553 	 -0.818658
16.7 	 -0.849106 	 -0.836235 	 -0.84518
16.75 	 -0.883273 	 -0.862837 	 -0.869658
16.8 	 -0.912337 	 -0.887268 	 -0.892093
16.85 	 -0.935491 	 -0.909432 	 -0.912485
16.9 	 -0.951924 	 -0.929237 	 -0.930833
16.95 	 -0.960829 	 -0.94659 	 -0.947137
17 	 -0.961397 	 -0.961397 	 -0.961397
17.05 	 -0.957402 	 -0.973587 	 -0.973448
17.1 	 -0.953112 	 -0.983174 	 -0.983123
17.15 	 -0.948463 	 -0.990193 	 -0.990422
17.2 	 -0.943388 	 -0.994679 	 -0.995345
17.25 	 -0.937822 	 -0.996668 	 -0.997893
17.3 	 -0.931701 	 -0.996196 	 -0.998064
17.35 	 -0.924958 	 -0.993298 	 -0.995859
17.4 	 -0.917528 	 -0.988009 	 -0.991278
17.45 	 -0.909346 	 -0.980365 	 -0.984322
17.5 	 -0.900346 	 -0.970401 	 -0.974989
17.55 	 -0.890463 	 -0.958153 	 -0.963281
17.6 	 -0.879632 	 -0.943657 	 -0.949196
17.65 	 -0.867787 	 -0.926947 	 -0.932736
17.7 	 -0.854862 	 -0.908059 	 -0.9139
17.75 	 -0.840793 	 -0.887029 	 -0.892687
17.8 	 -0.825514 	 -0.863893 	 -0.869099
17.85 	 -0.808959 	 -0.838685 	 -0.843135
17.9 	 -0.791063 	 -0.811441 	 -0.814795
17.95 	 -0.771761 	 -0.782197 	 -0.784079
18 	 -0.750987 	 -0.750987 	 -0.750987
18.05 	 -0.72324 	 -0.717859 	 -0.716169
18.1 	 -0.684123 	 -0.682897 	 -0.680275
18.15 	 -0.635228 	 -0.646199 	 -0.643304
18.2 	 -0.578145 	 -0.607861 	 -0.605257
18.25 	 -0.514467 	 -0.567979 	 -0.566134
18.3 	 -0.445786 	 -0.52665 	 -0.525934
18.35 	 -0.373692 	 -0.48397 	 -0.484658
18.4 	 -0.299778 	 -0.440036 	 -0.442305
18.45 	 -0.225634 	 -0.394945 	 -0.398877
18.5 	 -0.152853 	 -0.348792 	 -0.354372
18.55 	 -0.0830259 	 -0.301675 	 -0.30879
18.6 	 -0.0177445 	 -0.253689 	 -0.262133
18.65 	 0.0413997 	 -0.204932 	 -0.214398
18.7 	 0.0928153 	 -0.155499 	 -0.165588
18.75 	 0.13491 	 -0.105487 	 -0.115701
18.8 	 0.166094 	 -0.0549932 	 -0.0647383
18.85 	 0.184774 	 -0.00411323 	 -0.0126989
18.9 	 0.189359 	 0.0470561 	 0.0404168
18.95 	 0.178257 	 0.0984184 	 0.0946088
19 	 0.149877 	 0.149877 	 0.149877
19.05 	 0.102628 	 0.201336 	 0.206222
19.1 	 0.034917 	 0.252698 	 0.263643
19.15 	 -0.0548465 	 0.303868 	 0.32214
19.2 	 -0.168254 	 0.354748 	 0.381714
19.25 	 -0.306898 	 0.405242 	 0.442364
19.3 	 -0.47237 	 0.455253 	 0.504091
19.35 	 -0.66626 	 0.504686 	 0.566893
19.4 	 -0.890161 	 0.553444 	 0.630772
19.45 	 -1.14566 	 0.601429 	 0.695728
19.5 	 -1.43436 	 0.648547 	 0.761759
19.55 	 -1.75784 	 0.694699 	 0.828867
19.6 	 -2.1177 	 0.739791 	 0.897052
19.65 	 -2.51553 	 0.783725 	 0.966312
19.7 	 -2.95292 	 0.826404 	 1.03665
19.75 	 -3.43146 	 0.867733 	 1.10806
19.8 	 -3.95274 	 0.907615 	 1.18055
19.85 	 -4.51836 	 0.945953 	 1.25412
19.9 	 -5.1299 	 0.982651 	 1.32876
19.95 	 -5.78896 	 1.01761 	 1.40448
