# x 	 y 	 sin(x)
2 	 0.680375 	 0.909297
3 	 -0.211234 	 0.14112
4 	 0.566198 	 -0.756802
5 	 0.59688 	 -0.958924
6 	 0.823295 	 -0.279415
7 	 -0.604897 	 0.656987
8 	 -0.329554 	 0.989358
9 	 0.536459 	 0.412118
10 	 -0.444451 	 -0.544021
11 	 0.10794 	 -0.99999
12 	 -0.0452059 	 -0.536573
13 	 0.257742 	 0.420167
14 	 -0.270431 	 0.990607
15 	 0.0268018 	 0.650288
16 	 0.904459 	 -0.287903
17 	 0.83239 	 -0.961397
18 	 0.271423 	 -0.750987
19 	 0.434594 	 0.149877
20 	 -0.716795 	 0.912945


# xi 	 yi 	 yint 	 ysini 	 ysinInt
2 	 0.680375 	 0 	 0.909297 	 0
2.2 	 0.502054 	 0.118243 	 0.755662 	 0.166496
2.4 	 0.323732 	 0.200821 	 0.602026 	 0.302265
2.6 	 0.14541 	 0.247736 	 0.448391 	 0.407307
2.8 	 -0.0329122 	 0.258985 	 0.294755 	 0.481621
3 	 -0.211234 	 0.234571 	 0.14112 	 0.525209
3.2 	 -0.0557476 	 0.207872 	 -0.0384645 	 0.535474
3.4 	 0.0997389 	 0.212272 	 -0.218049 	 0.509823
3.6 	 0.255225 	 0.247768 	 -0.397633 	 0.448255
3.8 	 0.410712 	 0.314362 	 -0.577218 	 0.35077
4 	 0.566198 	 0.412053 	 -0.756802 	 0.217367
4.2 	 0.572335 	 0.525906 	 -0.797227 	 0.0619645
4.4 	 0.578471 	 0.640987 	 -0.837651 	 -0.101523
4.6 	 0.584607 	 0.757295 	 -0.878076 	 -0.273096
4.8 	 0.590744 	 0.87483 	 -0.9185 	 -0.452753
5 	 0.59688 	 0.993592 	 -0.958924 	 -0.640496
5.2 	 0.642163 	 1.1175 	 -0.823023 	 -0.818691
5.4 	 0.687446 	 1.25046 	 -0.687121 	 -0.969705
5.6 	 0.732729 	 1.39247 	 -0.551219 	 -1.09354
5.8 	 0.778012 	 1.54355 	 -0.415317 	 -1.19019
6 	 0.823295 	 1.70368 	 -0.279415 	 -1.25967
6.2 	 0.537656 	 1.83977 	 -0.0921351 	 -1.29682
6.4 	 0.252018 	 1.91874 	 0.0951453 	 -1.29652
6.6 	 -0.0336205 	 1.94058 	 0.282426 	 -1.25876
6.8 	 -0.319259 	 1.90529 	 0.469706 	 -1.18355
7 	 -0.604897 	 1.81288 	 0.656987 	 -1.07088
7.2 	 -0.549829 	 1.69741 	 0.723461 	 -0.932835
7.4 	 -0.49476 	 1.59295 	 0.789935 	 -0.781496
7.6 	 -0.439692 	 1.4995 	 0.85641 	 -0.616861
7.8 	 -0.384623 	 1.41707 	 0.922884 	 -0.438932
8 	 -0.329554 	 1.34565 	 0.989358 	 -0.247708
8.2 	 -0.156352 	 1.29706 	 0.87391 	 -0.061381
8.4 	 0.016851 	 1.28311 	 0.758462 	 0.101856
8.6 	 0.190054 	 1.3038 	 0.643014 	 0.242004
8.8 	 0.363256 	 1.35913 	 0.527566 	 0.359062
9 	 0.536459 	 1.4491 	 0.412118 	 0.453031
9.2 	 0.340277 	 1.53678 	 0.220891 	 0.516331
9.4 	 0.144095 	 1.58522 	 0.0296626 	 0.541387
9.6 	 -0.0520867 	 1.59442 	 -0.161565 	 0.528197
9.8 	 -0.248269 	 1.56438 	 -0.352793 	 0.476761
10 	 -0.444451 	 1.49511 	 -0.544021 	 0.387079
10.2 	 -0.333972 	 1.41727 	 -0.635215 	 0.269156
10.4 	 -0.223494 	 1.36152 	 -0.726409 	 0.132993
10.6 	 -0.113016 	 1.32787 	 -0.817603 	 -0.0214079
10.8 	 -0.00253819 	 1.31631 	 -0.908796 	 -0.194048
11 	 0.10794 	 1.32685 	 -0.99999 	 -0.384926
11.2 	 0.0773108 	 1.34538 	 -0.907307 	 -0.575656
11.4 	 0.0466816 	 1.35778 	 -0.814623 	 -0.747849
11.6 	 0.0160524 	 1.36405 	 -0.72194 	 -0.901505
11.8 	 -0.0145767 	 1.3642 	 -0.629256 	 -1.03663
12 	 -0.0452059 	 1.35822 	 -0.536573 	 -1.15321
12.2 	 0.0153837 	 1.35524 	 -0.345225 	 -1.24139
12.4 	 0.0759732 	 1.36437 	 -0.153877 	 -1.2913
12.6 	 0.136563 	 1.38563 	 0.0374711 	 -1.30294
12.8 	 0.197152 	 1.419 	 0.228819 	 -1.27631
13 	 0.257742 	 1.46449 	 0.420167 	 -1.21141
13.2 	 0.152107 	 1.50547 	 0.534255 	 -1.11597
13.4 	 0.0464727 	 1.52533 	 0.648343 	 -0.997709
13.6 	 -0.0591619 	 1.52406 	 0.762431 	 -0.856631
13.8 	 -0.164796 	 1.50167 	 0.876519 	 -0.692736
14 	 -0.270431 	 1.45814 	 0.990607 	 -0.506024
14.2 	 -0.210984 	 1.41 	 0.922543 	 -0.314709
14.4 	 -0.151538 	 1.37375 	 0.85448 	 -0.137006
14.6 	 -0.0920913 	 1.34939 	 0.786416 	 0.0270832
14.8 	 -0.0326448 	 1.33691 	 0.718352 	 0.17756
15 	 0.0268018 	 1.33633 	 0.650288 	 0.314424
15.2 	 0.202333 	 1.35924 	 0.46265 	 0.425718
15.4 	 0.377865 	 1.41726 	 0.275011 	 0.499484
15.6 	 0.553396 	 1.51039 	 0.0873731 	 0.535722
15.8 	 0.728928 	 1.63862 	 -0.100265 	 0.534433
16 	 0.904459 	 1.80196 	 -0.287903 	 0.495616
16.2 	 0.890046 	 1.98141 	 -0.422602 	 0.424566
16.4 	 0.875632 	 2.15798 	 -0.557301 	 0.326575
16.6 	 0.861218 	 2.33166 	 -0.692 	 0.201645
16.8 	 0.846804 	 2.50247 	 -0.826699 	 0.0497753
17 	 0.83239 	 2.67038 	 -0.961397 	 -0.129034
17.2 	 0.720197 	 2.82564 	 -0.919315 	 -0.317106
17.4 	 0.608003 	 2.95846 	 -0.877233 	 -0.49676
17.6 	 0.49581 	 3.06884 	 -0.835151 	 -0.667999
17.8 	 0.383617 	 3.15679 	 -0.793069 	 -0.830821
18 	 0.271423 	 3.22229 	 -0.750987 	 -0.985227
18.2 	 0.304058 	 3.27984 	 -0.570814 	 -1.11741
18.4 	 0.336692 	 3.34391 	 -0.390641 	 -1.21355
18.6 	 0.369326 	 3.41452 	 -0.210469 	 -1.27366
18.8 	 0.40196 	 3.49164 	 -0.0302957 	 -1.29774
19 	 0.434594 	 3.5753 	 0.149877 	 -1.28578
19.2 	 0.204316 	 3.63919 	 0.302491 	 -1.24054
19.4 	 -0.0259616 	 3.65703 	 0.455104 	 -1.16479
19.6 	 -0.256239 	 3.62881 	 0.607718 	 -1.0585
19.8 	 -0.486517 	 3.55453 	 0.760332 	 -0.921698
20 	 -0.716795 	 3.4342 	 0.912945 	 -0.75437
