Matrix AB (should be equal to I)
1	-1e-15	7e-16	9e-16	-1e-15	-1e-16	-7e-16	-1e-15	7e-16	
2e-16	1	-1e-15	4e-16	2e-15	2e-16	3e-16	1e-16	0	
-1e-15	-2e-15	1	-3e-16	4e-16	-2e-16	-1e-15	-2e-15	-1e-16	
-3e-16	1e-16	-2e-15	1	4e-16	1e-16	-3e-16	-6e-16	-1e-16	
1e-15	2e-15	6e-16	6e-16	1	7e-16	1e-15	2e-15	-1e-15	
7e-16	8e-16	0	9e-16	0	1	3e-16	8e-16	0	
-7e-16	-4e-16	-1e-15	2e-16	9e-16	0	1	-2e-16	4e-16	
-1e-15	5e-16	-2e-15	-5e-16	2e-15	5e-16	-7e-16	1	-3e-16	
-2e-16	-3e-16	-9e-16	-2e-16	-9e-16	2e-16	-4e-16	-1e-16	1	
