A x = b
0.84	0.39	0.78	0.8	0.91	0.2	0.34	0.77	0.28	0.55	0.48	0.63	0.36	0.51	0.95	x0	0.92
0.64	0.72	0.14	0.61	0.016	0.24	0.14	0.8	0.16	0.4	0.13	0.11	1	0.22	0.51	x1	0.84
0.61	0.3	0.64	0.52	0.49	0.97	0.29	0.77	0.53	0.77	0.4	0.89	0.28	0.35	0.81	x2	0.92
0.07	0.95	0.53	0.086	0.19	0.66	0.89	0.35	0.064	0.02	0.46	0.063	0.24	0.97	0.9	x3	0.85
0.27	0.54	0.38	0.76	0.51	0.67	0.53	0.039	0.44	0.93	0.93	0.72	0.28	0.74	0.64	x4	0.35
0.69	0.17	0.44	0.88	0.83	0.33	0.23	0.89	0.35	0.69	0.96	0.59	0.66	0.86	0.44	x5	0.92
0.4	0.81	0.68	0.91	0.48	0.22	0.95	0.92	0.15	0.88	0.64	0.43	0.62	0.28	0.79	x6	0.31
0.45	0.23	0.19	0.28	0.56	0.42	0.17	0.91	0.1	0.13	0.5	0.76	0.98	0.94	0.68	x7	0.38
0.75	0.37	0.29	0.23	0.58	0.24	0.15	0.73	0.13	0.79	0.16	0.75	0.075	0.95	0.053	x8	0.52
0.18	0.24	0.8	0.73	0.66	0.97	0.64	0.76	0.093	0.13	0.52	0.078	0.07	0.2	0.46	x9	0.82
0.57	0.76	0.052	0.16	1	0.2	0.89	0.13	1	0.054	0.87	0.072	0.0042	0.92	0.59	x10	0.18
0.16	0.39	0.91	0.82	0.36	0.55	0.58	0.45	0.69	0.1	0.53	0.76	0.3	0.99	0.58	x11	0.88
0.75	0.63	0.035	0.75	0.83	0.93	0.87	0.83	0.98	0.74	0.9	0.98	0.67	0.5	0.16	x12	0.83
0.89	0.077	0.65	0.25	0.63	0.23	0.7	0.32	0.33	0.23	0.074	0.63	0.22	0.65	0.51	x13	0.97
0.28	0.55	0.72	0.11	0.47	0.59	0.94	0.45	0.34	0.85	0.43	0.0032	0.34	0.6	0.83	x14	0.23

A decomposed
2.2	1.5	1.5	1.8	2.2	1.5	1.7	2.2	1.4	1.8	1.7	2	1.5	2.2	1.9	
0.65	1.5	0.63	0.61	0.36	0.87	1.4	0.52	0.51	0.53	0.97	0.048	0.51	0.92	1.1	
0.53	-0.34	1.4	0.69	0.35	0.68	0.55	0.49	-0.055	0.29	0.25	0.37	-0.038	0.44	0.87	
0.057	1.2	1.5	1.1	0.16	0.28	-0.18	0.47	0.22	0.4	0.67	0.51	0.52	-0.24	-0.14	
0.22	0.34	0.097	1.5	0.91	0.31	0.54	-0.13	0.57	-0.081	0.83	0.081	-0.4	0.56	0.093	
0.5	-0.29	-0.014	0.42	2.5	1.1	0.12	0.26	0.27	0.2	0.15	0.45	0.14	0.054	-0.0044	
0.27	0.47	0.29	0.57	-0.84	-2.1	0.73	-0.28	0.31	0.0013	0.018	-0.085	-0.042	-0.34	-0.23	
0.29	-0.082	-0.24	-0.27	0.84	0.16	2.4	0.9	-0.42	-0.045	-0.088	-0.11	0.59	-0.11	-0.023	
0.45	-0.13	-0.35	-0.58	0.36	-0.22	0.48	-1.6	0.7	-0.24	0.053	0.23	0.051	0.23	-0.037	
0.1	0.099	0.77	0.19	-0.053	0.39	-0.12	0.64	-1.5	1.1	0.14	0.21	-0.057	-0.11	-0.065	
0.32	0.28	-0.53	-0.18	0.97	-0.019	0.69	-0.59	0.55	-1.8	0.41	0.15	0.52	0.68	0.37	
0.089	0.21	0.59	0.067	-0.12	-0.21	-0.13	-0.22	1.2	0.4	-0.62	0.86	0.05	0.53	-0.04	
0.39	0.044	-0.39	0.45	0.22	0.57	0.84	-0.13	-0.08	-0.35	0.062	1.9	0.54	-0.03	0.39	
0.42	-0.4	0.22	-0.54	-0.18	-0.033	1.1	-0.48	-0.53	-0.56	0.76	0.48	0.44	0.61	-0.44	
0.13	0.25	0.28	-0.45	0.1	0.1	0.19	0.18	0.14	0.75	0.12	-0.7	1	0.73	-0.13	

result	b
0.92	0.92
0.84	0.84
0.92	0.92
0.85	0.85
0.35	0.35
0.92	0.92
0.31	0.31
0.38	0.38
0.52	0.52
0.82	0.82
0.18	0.18
0.88	0.88
0.83	0.83
0.97	0.97
0.23	0.23
A^-1 A
1	3e-16	-9e-16	-2e-15	9e-16	-9e-16	1e-15	2e-15	4e-16	2e-15	2e-15	-6e-17	-1e-15	9e-16	-7e-16	
-3e-15	1	9e-16	-2e-15	2e-15	-7e-16	1e-15	1e-15	7e-16	1e-15	2e-15	-2e-16	-2e-15	1e-15	-1e-15	
-3e-15	2e-16	1	-3e-15	1e-15	-1e-15	2e-15	9e-16	6e-16	2e-15	1e-15	6e-17	-3e-15	4e-16	-4e-16	
-2e-15	0	0	1	-9e-16	4e-16	0	2e-16	2e-16	-2e-16	4e-16	0	4e-16	0	-9e-16	
-1e-15	0	0	-9e-16	1	-8e-16	4e-16	4e-16	3e-16	8e-16	1e-15	6e-17	-1e-15	0	-2e-16	
2e-16	-4e-16	-4e-16	-9e-16	2e-16	1	-4e-16	4e-16	6e-17	6e-16	0	2e-16	-7e-16	6e-17	3e-16	
4e-16	-3e-16	-1e-15	-7e-16	-2e-16	1e-16	1	2e-16	-1e-16	-7e-16	-9e-16	0	9e-16	-2e-16	4e-16	
0	0	-7e-16	-4e-16	0	-3e-16	2e-16	1	2e-16	9e-16	-7e-16	6e-17	4e-16	1e-16	3e-16	
2e-15	-1e-16	-9e-16	5e-16	1e-16	-3e-16	4e-16	2e-16	1	8e-17	-8e-16	6e-17	3e-16	3e-16	1e-16	
-2e-15	5e-16	4e-16	-2e-15	1e-16	-7e-16	2e-16	1e-15	5e-16	1	7e-16	-8e-17	-4e-16	1e-16	1e-16	
0	0	7e-16	0	-1e-16	7e-16	9e-16	-1e-15	0	-3e-16	1	-6e-17	0	4e-16	-1e-16	
9e-16	-3e-16	-4e-16	0	-8e-16	6e-16	-9e-16	-2e-16	-5e-16	-4e-16	-9e-16	1	7e-16	-8e-16	1e-15	
8e-16	6e-17	-3e-16	-6e-16	1e-16	-2e-16	9e-16	-3e-16	4e-16	4e-16	-7e-16	3e-17	1	3e-16	4e-16	
3e-15	-9e-16	-9e-16	9e-16	-8e-16	2e-15	-9e-16	-1e-16	-3e-16	-2e-16	-1e-15	-1e-16	2e-15	1	0	
-2e-15	3e-16	2e-16	0	-4e-16	4e-16	2e-16	-4e-16	-1e-16	-4e-16	0	-2e-16	-9e-16	1e-16	1	

